21 21
1 1 1 1 1 1 1 1 1 1 1 1 1 1 1 1 1 1 1 1 1
1 0 0 0 0 0 1 0 0 0 0 0 0 0 0 0 1 0 0 0 1
1 0 1 1 1 0 1 0 1 0 1 1 1 1 1 1 1 0 1 0 1
1 0 0 0 1 0 1 0 1 0 0 0 0 0 0 0 1 0 1 0 1
1 1 1 1 1 0 1 0 1 1 1 1 1 1 1 0 1 0 1 0 1
1 0 1 0 0 0 1 0 0 0 0 0 1 0 1 0 1 0 1 0 1
1 0 1 0 1 1 1 1 1 1 1 0 1 0 1 0 1 0 1 0 1
1 0 1 0 0 0 0 0 1 0 0 0 0 0 1 0 0 0 1 0 1
1 0 1 1 1 1 1 0 1 0 1 1 1 0 1 0 1 1 1 0 1
1 0 0 0 0 0 1 0 0 0 1 0 0 0 1 0 0 0 1 0 1
1 1 1 0 1 1 1 1 1 1 1 0 1 1 1 1 1 1 1 0 1
1 0 1 0 0 0 0 0 0 0 0 0 1 0 1 0 0 0 1 0 0
1 0 1 1 1 1 1 1 1 0 1 1 1 0 1 0 1 0 1 0 1
1 0 0 0 0 0 0 0 1 0 1 0 0 0 0 0 1 0 0 0 1
1 1 1 1 1 0 1 1 1 0 1 0 1 1 1 0 1 1 1 1 1
1 0 0 0 0 0 0 0 0 0 1 0 0 0 1 0 1 0 0 0 1
1 0 1 1 1 1 1 1 1 1 1 0 1 0 1 0 1 1 1 0 1
1 0 1 0 0 0 0 0 0 0 1 0 1 0 1 0 0 0 0 0 1
1 1 1 0 1 1 1 0 1 0 1 0 1 0 1 1 1 1 1 1 1
1 0 0 0 1 0 0 0 1 0 0 0 1 0 0 0 0 0 0 0 1
1 1 1 1 1 1 1 1 1 1 1 1 1 1 1 1 1 1 1 1 1





11 16
1 1 1 1 1 1 1 1 1 1 1 1 0 1 1 1
0 0 0 0 0 1 0 0 0 0 1 1 0 1 0 1
1 1 1 1 1 1 1 1 1 0 1 0 0 0 0 1
0 0 0 0 0 1 0 0 0 0 1 1 1 1 1 1
1 1 1 1 0 1 1 1 1 1 0 0 0 0 0 1
0 0 0 0 0 0 0 0 0 1 1 1 1 1 1 1
1 1 1 1 1 1 1 1 1 1 0 0 0 0 0 1
0 0 0 0 0 0 0 0 1 1 1 1 1 1 1 1
1 1 1 1 1 1 1 1 1 1 0 0 0 0 0 1
0 0 0 0 0 0 0 0 1 1 1 1 1 1 1 1
1 1 1 1 1 1 1 1 1 1 1 1 1 1 1 1

5 6
0 0 0 0 0 1
1 1 1 1 1 1
0 0 1 0 0 0
1 0 1 1 0 1
1 0 1 1 0 1
